Options for the verification:
  Generating no trace
  Search order is breadth first
  Using conservative space optimisation
  Seed is 15899
  State space representation uses minimal constraint systems with future testing
  Using HashMap + Compress integers for discrete state storage
[2K
Verifying formula 1 at /Users/luningzhu/Desktop/S2_Milan/C++/lsha/resources/uppaal_resources/thermostat.q:1
[2K -- Formula is satisfied.
t.ON:
[0]: (0,0) (3.472575206261319,0) (3.472575206261319,1) (26.99545459813664,1) (26.99545459813664,0) (82.1041951074706,0) (82.1041951074706,1) (104.4068667275479,1) (104.4068667275479,0) (148.0266949860804,0) (148.0266949860804,1) (182.7175599053928,1) (182.7175599053928,0) (200,0)
T_r:
[0]: (0,0) (0,15.2) (1,15.2) (1,15.04875747298735) (2,15.04875747298735) (2,14.89901983426268) (3,14.89901983426268) (3,14.75077210993733) (4,14.75077210993733) (4,15.30041435806563) (5,15.30041435806563) (5,15.84458757444657) (6,15.84458757444657) (6,16.38334617685527) (7,16.38334617685527) (7,16.91674404160094) (8,16.91674404160094) (8,17.44483450891455) (9,17.44483450891455) (9,17.9676703882829) (10,17.9676703882829) (10,18.48530396372965) (11,18.48530396372965) (11,18.99778699904368) (12,18.99778699904368) (12,19.50517074295561) (13,19.50517074295561) (13,20.00750593426265) (14,20.00750593426265) (14,20.50484280690254) (15,20.50484280690254) (15,20.997231094977) (16,20.997231094977) (16,21.48472003772515) (17,21.48472003772515) (17,21.96735838444751) (18,21.96735838444751) (18,22.44519439938097) (19,22.44519439938097) (19,22.91827586652519) (20,22.91827586652519) (20,23.38665009442115) (21,23.38665009442115) (21,23.85036392088193) (22,23.85036392088193) (22,24.30946371767662) (23,24.30946371767662) (23,24.76399539516748) (24,24.76399539516748) (24,25.21400440690104) (25,25.21400440690104) (25,25.65953575415347) (26,25.65953575415347) (26,26.10063399043079) (27,26.10063399043079) (27,25.84092790718579) (28,25.84092790718579) (28,25.5838059469816) (29,25.5838059469816) (29,25.32924239732121) (30,25.32924239732121) (30,25.07721180155164) (31,25.07721180155164) (31,24.8276889563183) (32,24.8276889563183) (32,24.58064890904457) (33,24.58064890904457) (33,24.33606695543651) (34,24.33606695543651) (34,24.09391863701245) (35,24.09391863701245) (35,23.8541797386571) (36,23.8541797386571) (36,23.61682628619996) (37,23.61682628619996) (37,23.38183454401794) (38,23.38183454401794) (38,23.14918101266173) (39,23.14918101266173) (39,22.91884242650585) (40,22.91884242650585) (40,22.69079575142204) (41,22.69079575142204) (41,22.46501818247584) (42,22.46501818247584) (42,22.24148714164604) (43,22.24148714164604) (43,22.0201802755669) (44,22.0201802755669) (44,21.80107545329274) (45,21.80107545329274) (45,21.58415076408483) (46,21.58415076408483) (46,21.36938451522033) (47,21.36938451522033) (47,21.15675522982294) (48,21.15675522982294) (48,20.9462416447152) (49,20.9462416447152) (49,20.73782270829217) (50,20.73782270829217) (50,20.53147757841623) (51,20.53147757841623) (51,20.32718562033284) (52,20.32718562033284) (52,20.12492640460703) (53,20.12492640460703) (53,19.92467970508048) (54,19.92467970508048) (54,19.7264254968488) (55,19.7264254968488) (55,19.5301439542591) (56,19.5301439542591) (56,19.33581544892734) (57,19.33581544892734) (57,19.14342054777551) (58,19.14342054777551) (58,18.95294001108826) (59,18.95294001108826) (59,18.76435479058895) (60,18.76435479058895) (60,18.57764602753476) (61,18.57764602753476) (61,18.39279505083082) (62,18.39279505083082) (62,18.20978337516307) (63,18.20978337516307) (63,18.02859269914971) (64,18.02859269914971) (64,17.84920490351102) (65,17.84920490351102) (65,17.67160204925745) (66,17.67160204925745) (66,17.49576637589566) (67,17.49576637589566) (67,17.32168029965248) (68,17.32168029965248) (68,17.1493264117165) (69,17.1493264117165) (69,16.97868747649715) (70,16.97868747649715) (70,16.80974642990117) (71,16.80974642990117) (71,16.64248637762612) (72,16.64248637762612) (72,16.47689059347099) (73,16.47689059347099) (73,16.31294251766349) (74,16.31294251766349) (74,16.15062575520414) (75,16.15062575520414) (75,15.98992407422667) (76,15.98992407422667) (76,15.83082140437487) (77,15.83082140437487) (77,15.67330183519549) (78,15.67330183519549) (78,15.51734961454722) (79,15.51734961454722) (79,15.36294914702544) (80,15.36294914702544) (80,15.21008499240265) (81,15.21008499240265) (81,15.05874186408444) (82,15.05874186408444) (82,14.9089046275808) (83,14.9089046275808) (83,15.45710790283023) (84,15.45710790283023) (84,15.99985646435168) (85,15.99985646435168) (85,16.53720458745359) (86,16.53720458745359) (86,17.06920600739606) (87,17.06920600739606) (87,17.59591392476442) (88,17.59591392476442) (88,18.11738101078934) (89,18.11738101078934) (89,18.63365941261398) (90,18.63365941261398) (90,19.14480075850874) (91,19.14480075850874) (91,19.65085616303418) (92,19.65085616303418) (92,20.15187623215247) (93,20.15187623215247) (93,20.64791106828802) (94,20.64791106828802) (94,21.13901027533782) (95,21.13901027533782) (95,21.62522296363182) (96,21.62522296363182) (96,22.10659775484403) (97,22.10659775484403) (97,22.58318278685472) (98,22.58318278685472) (98,23.05502571856425) (99,23.05502571856425) (99,23.52217373465898) (100,23.52217373465898) (100,23.98467355032982) (101,23.98467355032982) (101,24.44257141594377) (102,24.44257141594377) (102,24.89591312166895) (103,24.89591312166895) (103,25.34474400205373) (104,25.34474400205373) (104,25.78910894056018) (105,25.78910894056018) (105,25.46875150587236) (106,25.46875150587236) (106,25.15237361488247) (107,25.15237361488247) (107,24.83992583290811) (108,24.83992583290811) (108,24.53135933935429) (109,24.53135933935429) (109,24.22662592008518) (110,24.22662592008518) (110,23.9256779598905) (111,23.9256779598905) (111,23.62846843504559) (112,23.62846843504559) (112,23.33495090596384) (113,23.33495090596384) (113,23.0450795099404) (114,23.0450795099404) (114,22.75880895398606) (115,22.75880895398606) (115,22.4760945077501) (116,22.4760945077501) (116,22.19689199653114) (117,22.19689199653114) (117,21.92115779437469) (118,21.92115779437469) (118,21.64884881725652) (119,21.64884881725652) (119,21.37992251635076) (120,21.37992251635076) (120,21.11433687138145) (121,21.11433687138145) (121,20.85205038405688) (122,20.85205038405688) (122,20.59302207158535) (123,20.59302207158535) (123,20.33721146027156) (124,20.33721146027156) (124,20.08457857919247) (125,20.08457857919247) (125,19.83508395395179) (126,19.83508395395179) (126,19.58868860051204) (127,19.58868860051204) (127,19.34535401910319) (128,19.34535401910319) (128,19.10504218820699) (129,19.10504218820699) (129,18.86771555861606) (130,18.86771555861606) (130,18.63333704756672) (131,18.63333704756672) (131,18.40187003294476) (132,18.40187003294476) (132,18.17327834756314) (133,18.17327834756314) (133,17.94752627351081) (134,17.94752627351081) (134,17.7245785365717) (135,17.7245785365717) (135,17.50440030071305) (136,17.50440030071305) (136,17.28695716264226) (137,17.28695716264226) (137,17.07221514643121) (138,17.07221514643121) (138,16.86014069820754) (139,16.86014069820754) (139,16.65070068091177) (140,16.65070068091177) (140,16.44386236911953) (141,16.44386236911953) (141,16.23959344392819) (142,16.23959344392819) (142,16.03786198790694) (143,16.03786198790694) (143,15.83863648010963) (144,15.83863648010963) (144,15.64188579114959) (145,15.64188579114959) (145,15.44757917833555) (146,15.44757917833555) (146,15.25568628086807) (147,15.25568628086807) (147,15.0661771150956) (148,15.0661771150956) (148,14.87902206982944) (149,14.87902206982944) (149,15.22858057999846) (150,15.22858057999846) (150,15.57466092487689) (151,15.57466092487689) (151,15.91729771278764) (152,15.91729771278764) (152,16.25652520769503) (153,16.25652520769503) (153,16.59237733263123) (154,16.59237733263123) (154,16.92488767308863) (155,16.92488767308863) (155,17.25408948037835) (156,17.25408948037835) (156,17.58001567495546) (157,17.58001567495546) (157,17.90269884971103) (158,17.90269884971103) (158,18.22217127323144) (159,18.22217127323144) (159,18.53846489302526) (160,18.53846489302526) (160,18.85161133871805) (161,18.85161133871805) (161,19.16164192521535) (162,19.16164192521535) (162,19.46858765583416) (163,19.46858765583416) (163,19.77247922540332) (164,19.77247922540332) (164,20.07334702333305) (165,20.07334702333305) (165,20.37122113665385) (166,20.37122113665385) (166,20.66613135302529) (167,20.66613135302529) (167,20.95810716371477) (168,20.95810716371477) (168,21.24717776654667) (169,21.24717776654667) (169,21.53337206882216) (170,21.53337206882216) (170,21.81671869020996) (171,21.81671869020996) (171,22.09724596560835) (172,22.09724596560835) (172,22.37498194797863) (173,22.37498194797863) (173,22.64995441115049) (174,22.64995441115049) (174,22.92219085259939) (175,22.92219085259939) (175,23.19171849619634) (176,23.19171849619634) (176,23.4585642949303) (177,23.4585642949303) (177,23.72275493360352) (178,23.72275493360352) (178,23.98431683150003) (179,23.98431683150003) (179,24.24327614502759) (180,24.24327614502759) (180,24.49965877033335) (181,24.49965877033335) (181,24.75349034589349) (182,24.75349034589349) (182,25.0047962550771) (183,25.0047962550771) (183,24.69418121825922) (184,24.69418121825922) (184,24.3874247092259) (185,24.3874247092259) (185,24.0844787965028) (186,24.0844787965028) (186,23.78529614403083) (187,23.78529614403083) (187,23.48983000376976) (188,23.48983000376976) (188,23.19803420839369) (189,23.19803420839369) (189,22.90986316407736) (190,22.90986316407736) (190,22.62527184337194) (191,22.62527184337194) (191,22.34421577816939) (192,22.34421577816939) (192,22.06665105275422) (193,22.06665105275422) (193,21.79253429694155) (194,21.79253429694155) (194,21.5218226793004) (195,21.5218226793004) (195,21.25447390046117) (196,21.25447390046117) (196,20.99044618650625) (197,20.99044618650625) (197,20.72969828244279) (198,20.72969828244279) (198,20.47218944575643) (199,20.47218944575643) (199,20.21787944004522) (200,20.21787944004522)
r.open:
[0]: (0,0) (102,0) (102,1) (139,1) (139,0) (143,0) (143,1) (172,1) (172,0) (177,0) (177,1) (200,1)
